5.341161296708167 1.191693359969208 2.59141834822e-09 1.8324098472171904e-15 20 1744511973.3975601 0.6409446383077697 201.21 -25.71 7.753385532823096e-06 2MASXJ2024063 2691656099.8316836 0.08856913686495849 8106742.569196579 0.2176388114117986
4.889731885679834 -1.3466611442537848 3.01591718381e-09 1.0531179060724675e-15 202 685801286.293551 0.9075015387231683 202.14 -25.18 2.416781895054935e-05 ESO045-011 2453480445.589867 0.06212731830998494 38427235.99282391 0.19552535816519573
4.3307378328510895 1.4405598580110797 1.91325899899e-09 2.3853477821005082e-15 228 1572129397.233164 0.38499846127786513 125.51 -26.13 1.4724543505543936e-05 NGC6251 3537955826.8875146 0.12876369903178173 9641749.085965835 0.30209351508831767
1.9865512079124659 -1.3424898073415183 1.41257006987e-09 3.376667480370728e-15 484 1937320556.4362087 0.7173276470040076 196.03 -25.05 4.073051725436519e-06 ESO035-011 2590776180.936657 0.05881327377345738 6807178.86022726 0.2081903625785628
4.322936211094675 1.423211285246256 1.41257006987e-09 1.0295177038906242e-15 484 1639915440.813561 0.6340500068139588 173.56 -26.03 1.0466519646506683e-05 UGC10471 3098019372.7910743 0.11447860696904094 8986706.290439729 0.256986112525561
5.341161296708167 1.191693359969208 2.59141834822e-09 1.8324098472171904e-15 519 1744511973.3975601 0.6409446383077697 201.21 -25.71 7.753385532823096e-06 2MASXJ2024063 2691656099.8316836 0.08856913686495849 8106742.569196579 0.2176388114117986
1.974525889366225 -1.4673332087366728 5.96881175595e-09 1.6452431750862725e-15 559 634998156.6150428 0.554104368375446 185.74 -25.03 2.552413854675343e-05 ESO005-010 2611203794.4134974 0.058331297189266815 43686662.301446855 0.21009374081182433
5.864847338769065 -1.3993177277864537 1.41257006987e-09 1.0254305518571995e-15 674 1685147825.2763717 0.47969457789427156 196.03 -25.79 1.03690008361995e-05 PGC068764 2878672069.4302735 0.0953919770773872 8588282.061040934 0.2354851884651245
4.835853571670769 -1.346678597546305 3.50995294366e-09 2.1261743919043023e-15 701 1604313296.5270376 0.49250000322468757 133.11 -26.1 1.292768324921425e-05 PGC237369 3331608844.9732814 0.12320892130578899 9321540.013919713 0.28059438584197754
4.89095361615623 -1.3251761411617347 1.41257006987e-09 5.371185729661845e-15 814 5255250370.130055 0.4029122871694098 216.09 -25.9 1.3763792316123316e-06 PGC242280 3211818057.0987887 0.1066479782091744 1290171.0342910313 0.26839330481562845
4.3307378328510895 1.4405598580110797 1.41257006987e-09 1.7358428015507295e-15 827 1786901776.5505586 0.6095671961561503 214.31 -26.13 1.2028602982941172e-05 NGC6251 3219916062.025872 0.12405850659135906 7788763.291711388 0.26921180298147723
5.341161296708167 1.191693359969208 2.59141834822e-09 1.8324098472171904e-15 846 1744511973.3975601 0.6409446383077697 201.21 -25.71 7.753385532823096e-06 2MASXJ2024063 2691656099.8316836 0.08856913686495849 8106742.569196579 0.2176388114117986
4.061974581336483 1.4391286880244445 5.53282509203e-09 2.2549752989473845e-15 876 953907727.709137 0.45608463544563294 138.64 -25.45 1.9696101746548218e-05 IC1143 2682665816.7785316 0.07523941705809467 22171361.407823827 0.21679178671597704
1.3944657124659097 -1.3566269742826724 1.41257006987e-09 1.1386328981549411e-15 885 961988194.2150751 0.4347203785068461 124.94 -25.72 2.2196057757334606e-05 NGC1956 3088538793.3874216 0.09369381905741395 21861841.22946431 0.2560436892231156
3.252421061091433 0.31749284423028845 3.78653726523e-09 1.0953527251888386e-14 943 1138118614.6316428 0.6812655961974176 109.89 -25.45 1.4949787832580336e-05 NGC4382 2504919679.5700655 0.07350461630113825 16519253.919668205 0.2002445764742371
5.856068332631534 -1.399788966684492 7.49394852894e-09 1.0153893163727393e-15 1074 716905904.3842428 0.31892083443544966 134.61 -25.42 3.1967336512321684e-05 PGC228287 2949806228.0952964 0.0765976960593874 35688862.91169241 0.24238920003415332
0.8844281451556065 -0.6494021080820501 3.01591718381e-09 2.7350359381781402e-14 1140 2114812265.5829716 0.9892430155714941 120.09 -25.9 6.159339461853123e-06 NGC1316 2756235385.9875336 0.10095852377621897 5881886.0337396255 0.22375226942794146
0.4246735135952603 1.3458233862128275 4.75406438146e-09 1.3762184283655488e-15 1143 1139840004.1646948 0.9128018841939682 173.56 -25.6 1.5617370375727144e-05 PGC2772950 2596858139.556585 0.08163632797981704 16477695.815694889 0.20875653589628748
5.341161296708167 1.191693359969208 2.59141834822e-09 1.8324098472171904e-15 1213 1744511973.3975601 0.6409446383077697 201.21 -25.71 7.753385532823096e-06 2MASXJ2024063 2691656099.8316836 0.08856913686495849 8106742.569196579 0.2176388114117986
5.341161296708167 1.191693359969208 2.59141834822e-09 1.8324098472171904e-15 1214 1744511973.3975601 0.6409446383077697 201.21 -25.71 7.753385532823096e-06 2MASXJ2024063 2691656099.8316836 0.08856913686495849 8106742.569196579 0.2176388114117986
5.341161296708167 1.191693359969208 2.59141834822e-09 1.8324098472171904e-15 1215 1744511973.3975601 0.6409446383077697 201.21 -25.71 7.753385532823096e-06 2MASXJ2024063 2691656099.8316836 0.08856913686495849 8106742.569196579 0.2176388114117986
5.341161296708167 1.191693359969208 2.59141834822e-09 1.8324098472171904e-15 1216 1744511973.3975601 0.6409446383077697 201.21 -25.71 7.753385532823096e-06 2MASXJ2024063 2691656099.8316836 0.08856913686495849 8106742.569196579 0.2176388114117986
5.341161296708167 1.191693359969208 2.59141834822e-09 1.8324098472171904e-15 1217 1744511973.3975601 0.6409446383077697 201.21 -25.71 7.753385532823096e-06 2MASXJ2024063 2691656099.8316836 0.08856913686495849 8106742.569196579 0.2176388114117986
