1.24029653212e-07
7.09850964024e-07
5.24087029712e-07
2.40213044861e-09
7.29354960744e-08
3.32474058384e-07
6.26696196362e-08
2.06402382425e-09
5.96881175595e-09
7.86828137802e-08
1.77350665928e-09
8.91230416559e-07
6.09937442098e-07
4.99153631734e-08
6.43915417266e-09
1.0657213029e-07
5.80919717707e-08
1.48312985244e-08
2.27537540199e-07
4.17427049572e-07
1.60000049732e-08
1.37479592218e-08
8.08447173623e-09
3.78653726523e-09
4.62693388795e-08
1.55721419144e-07
2.10917258454e-07
2.45467500286e-07
4.28896352593e-08
6.5800051768e-07
2.9352672369e-08
1.01501969826e-08
1.09500325905e-08
8.26131265842e-07
2.64810341379e-07
7.49394852894e-09
3.08188779926e-07
6.76079861922e-08
2.33789403848e-08
2.52212010843e-08
5.53282509203e-09
4.503203046e-07
2.79562213592e-09
6.94655957578e-09
1.64396240769e-09
1.67992268286e-07
7.65787225976e-07
4.858055484e-07
2.22666891901e-09
3.25357148333e-09
2.16712460159e-08
1.41257006987e-09
1.44346883506e-07
3.16656631993e-08
3.50995294366e-09
5.38486942125e-08
5.65385092074e-07
4.08491643367e-09
3.01591718381e-09
4.4068078831e-09
1.86209571191e-08
4.75406438146e-09
3.68527983315e-08
2.85677398514e-07
9.40878467117e-09
3.58673016989e-07
1.95510990735e-07
5.12868469481e-09
3.41609177265e-08
1.81230060443e-07
2.00882886971e-08
1.91325899899e-09
8.48830201698e-08
1.72608055001e-08
9.87876617141e-08
1.27437514964e-08
3.86936453753e-07
3.97567991508e-08
2.59141834822e-09
2.72086319425e-08
1.14970015056e-07
1.52388060329e-09
8.72152817724e-09
1.1812895251e-08
1.33803190932e-07
9.15718028751e-08