1.02329299228e-09     3.89633526168e-12 
1.07151930524e-09     3.69825034508e-14 
1.1220184543e-09     3.50892457778e-14 
1.17489755494e-09     3.25040772405e-14 
1.23026877081e-09     2.95778881866e-14 
1.28824955169e-09     2.85688187284e-14 
1.34896288259e-09     2.65758070832e-14 
1.41253754462e-09     2.4595964436e-14 
1.47910838817e-09     2.40537542796e-14 
1.54881661891e-09     2.20941242684e-14 
1.62181009736e-09     2.05896414582e-14 
1.69824365246e-09     1.80703703996e-14 
1.77827941004e-09     1.68644807998e-14 
1.86208713666e-09     1.69156871154e-14 
1.94984459976e-09     1.55852186766e-14 
2.04173794467e-09     1.60166454463e-14 
2.1379620895e-09     1.33131882246e-14 
2.23872113857e-09     1.37017508619e-14 
2.34422881532e-09     1.4060099041e-14 
2.45470891568e-09     1.31592157951e-14 
2.57039578277e-09     1.27568328603e-14 
2.69153480393e-09     1.1613120571e-14 
2.81838293126e-09     1.20222334625e-14 
2.95120922667e-09     1.24082058742e-14 
3.09029543251e-09     1.16665316076e-14 
3.2359365693e-09     1.11257472702e-14 
3.38844156139e-09     1.16902852976e-14 
3.54813389234e-09     1.24242752892e-14 
3.71535229097e-09     1.3573896456e-14 
3.89045144994e-09     1.417268969e-14 
4.07380277804e-09     1.41094903965e-14 
4.26579518802e-09     1.30680781279e-14 
4.46683592151e-09     1.27940536671e-14 
4.67735141287e-09     1.07542114003e-14 
4.89778819368e-09     9.21426521343e-15 
5.12861383991e-09     8.00008766602e-15 
5.3703179637e-09     7.65758266083e-15 
5.6234132519e-09     6.66885439738e-15 
5.88843655356e-09     6.52266655497e-15 
6.16595001861e-09     6.53274314364e-15 
6.45654229035e-09     6.48279804656e-15 
6.76082975392e-09     6.7787021604e-15 
7.07945784384e-09     7.26107173813e-15 
7.41310241301e-09     7.76274964488e-15 
7.76247116629e-09     9.7463418994e-15 
8.12830516164e-09     1.22189056778e-14 
8.51138038202e-09     1.31812606666e-14 
8.91250938134e-09     1.30786513896e-14 
9.33254300797e-09     1.21002477057e-14 
9.77237220956e-09     1.07752280491e-14 
1.02329299228e-08     1.04638790382e-14 
1.07151930524e-08     9.84076786083e-15 
1.1220184543e-08     1.04193576831e-14 
1.17489755494e-08     1.07405930137e-14 
1.23026877081e-08     1.04911526943e-14 
1.28824955169e-08     1.12338603706e-14 
1.34896288259e-08     8.62251122788e-15 
1.41253754462e-08     8.44876804537e-15 
1.47910838817e-08     1.09630988947e-14 
1.54881661891e-08     1.7931811648e-14 
1.62181009736e-08     1.87744706879e-14 
1.69824365246e-08     1.71567651666e-14 
1.77827941004e-08     1.45136403252e-14 
1.86208713666e-08     1.60021057532e-14 
1.94984459976e-08     1.88422401449e-14 
2.04173794467e-08     1.82995518753e-14 
2.1379620895e-08     2.45209239184e-14 
2.23872113857e-08     2.52587226918e-14 
2.34422881532e-08     1.70729187442e-14 
2.45470891568e-08     1.52847844915e-14 
2.57039578277e-08     1.31605199966e-14 
2.69153480393e-08     1.77208976961e-14 
2.81838293126e-08     1.83557204115e-14 
2.95120922667e-08     2.53669496671e-14 
3.09029543251e-08     9.52334301136e-13 
3.2359365693e-08     1.40286254511e-12 
3.38844156139e-08     4.30405366685e-14 
3.54813389234e-08     3.19682524942e-14 
3.71535229097e-08     2.71971878178e-14 
3.89045144994e-08     2.92460520299e-14 
4.07380277804e-08     4.24556151556e-14 
4.26579518802e-08     4.10198560462e-14 
4.46683592151e-08     2.16882050915e-14 
4.67735141287e-08     2.98128557126e-14 
4.89778819368e-08     2.55731430484e-14 
5.12861383991e-08     2.28607405964e-14 
5.3703179637e-08     3.23286617642e-14 
5.6234132519e-08     3.08186900682e-14 
5.88843655356e-08     3.48061210995e-14 
6.16595001861e-08     3.89396765744e-14 
6.45654229035e-08     1.10988636046e-13 
6.76082975392e-08     9.80699342469e-14 
7.07945784384e-08     4.32981254031e-14 
7.41310241301e-08     3.09748023816e-14 
7.76247116629e-08     4.1145530035e-14 
8.12830516164e-08     4.92549763939e-14 
8.51138038202e-08     3.28321713968e-14 
8.91250938134e-08     4.14146027149e-14 
9.33254300797e-08     4.42272742418e-14 
9.77237220956e-08     5.0858096646e-14 
1.02329299228e-07     6.34442092385e-14 
1.07151930524e-07     4.35898184054e-14 
1.1220184543e-07     4.94787695254e-14 
1.17489755494e-07     5.25857003961e-14 
1.23026877081e-07     4.61624784796e-14 
1.28824955169e-07     6.15474452898e-14 
1.34896288259e-07     4.7902925283e-14 
1.41253754462e-07     5.60323935248e-14 
1.47910838817e-07     6.93764733764e-14 
1.54881661891e-07     1.09443972495e-13 
1.62181009736e-07     1.13496908438e-13 
1.69824365246e-07     7.58064800731e-14 
1.77827941004e-07     1.06794637573e-13 
1.86208713666e-07     1.19548737177e-13 
1.94984459976e-07     1.30739565042e-13 
2.04173794467e-07     8.87948843861e-14 
2.1379620895e-07     1.04347150611e-13 
2.23872113857e-07     1.05872314262e-13 
2.34422881532e-07     1.19623799333e-13 
2.45470891568e-07     9.35941445063e-14 
2.57039578277e-07     1.38989972025e-13 
2.69153480393e-07     1.55122110368e-13 
2.81838293126e-07     1.24854602093e-13 
2.95120922667e-07     1.38675301479e-13 
3.09029543251e-07     1.59398976167e-13 
3.2359365693e-07     1.81651360127e-13 
3.38844156139e-07     1.8631780312e-13 
3.54813389234e-07     1.94954710909e-13 
3.71535229097e-07     1.90235396492e-13 
3.89045144994e-07     2.12798050901e-13 
4.07380277804e-07     2.42611826125e-13 
4.26579518802e-07     2.7154372751e-13 
4.46683592151e-07     2.63626088097e-13 
4.67735141287e-07     2.60658400321e-13 
4.89778819368e-07     2.32044778606e-13 
5.12861383991e-07     3.05305632873e-13 
5.3703179637e-07     2.48778308942e-13 
5.6234132519e-07     3.12071773205e-13 
5.88843655356e-07     3.11431095275e-13 
6.16595001861e-07     3.34157687898e-13 
6.45654229035e-07     3.8634063913e-13 
6.76082975392e-07     4.23458972578e-13 
7.07945784384e-07     3.92868231374e-13 
7.41310241301e-07     3.53661126828e-13 
7.76247116629e-07     3.89155998487e-13 
8.12830516164e-07     4.19992705653e-13 
8.51138038202e-07     4.36097810422e-13 
8.91250938134e-07     4.02021600431e-13 
9.33254300797e-07     4.67173550555e-13 
9.77237220956e-07     5.00464806079e-13 
